3.455873757277939939e-03 4.569196647045236162e-03 5.035434902010841110e-03
3.456128808504455377e-03 4.588969110227172910e-03 5.045193659196201864e-03
3.456506736793850138e-03 4.602226035844646755e-03 5.132901582061285065e-03
3.456983868200851767e-03 4.690362119411678465e-03 5.079714869998593063e-03
3.457457027565800055e-03 4.586504375255007551e-03 5.160063695569880662e-03
3.458359091904186344e-03 4.566690978659527535e-03 5.153930573633916552e-03
3.458583972336150281e-03 4.658397345412549143e-03 5.127941470371254543e-03
3.458849485544326485e-03 4.679563926448592620e-03 5.055753879558966095e-03
3.459068762038117542e-03 4.572598696463620917e-03 5.078389308628484741e-03
3.459355174298385082e-03 4.607388205462388010e-03 5.162331179736824420e-03
3.459577490733744577e-03 4.680571124801479604e-03 5.112286552547787646e-03
3.460072193688637412e-03 4.643155692631409197e-03 5.171956593512744282e-03
3.460213600919726049e-03 4.578211327928119120e-03 5.012957206133709237e-03
3.460388844765256450e-03 4.635080912210839607e-03 5.000320270405542514e-03
3.460485659892435090e-03 4.581111040555906413e-03 5.139210888122217220e-03
3.460725379995203705e-03 4.722048720152902980e-03 5.085178060119182296e-03
3.461478039780768127e-03 4.726595972782524774e-03 5.123867008017007028e-03
3.461620862879078407e-03 4.693550819164569836e-03 5.162892056022207361e-03
3.461886601475926313e-03 4.730747472486906795e-03 5.149345339774652475e-03
3.463150687749167855e-03 4.742418084089270250e-03 5.108898633432485022e-03
3.463753627231836753e-03 4.702148215904189237e-03 5.140006326116878209e-03
3.464150741666719834e-03 4.655577615605858977e-03 5.020630403907063062e-03
3.465017840419213745e-03 4.610674130842600145e-03 5.041899575068316611e-03
3.465022801247298005e-03 4.581611016015889326e-03 5.118024280520623755e-03
3.465251165529573043e-03 4.569868979361668519e-03 5.106035073076175407e-03
3.465338000076986693e-03 4.718570461784418919e-03 5.055872072662369494e-03
3.466076627449018750e-03 4.606178799194368505e-03 5.061192444124733465e-03
3.466220625595729625e-03 4.738475482057360848e-03 5.075338106120774045e-03
3.466243575419831503e-03 4.565786724795637200e-03 5.004040611428543610e-03
3.466373630621892837e-03 4.603278495765357296e-03 5.081759946356522589e-03
3.466507326883703013e-03 4.713542648278658438e-03 5.070168045208754172e-03
3.466686260323590882e-03 4.623397259809113036e-03 5.169127273666656100e-03
3.466766754193223530e-03 4.639129794620310172e-03 5.118013145374859102e-03
3.467481921702823128e-03 4.727195933002185067e-03 5.040308159909824386e-03
3.467994610860232908e-03 4.736846763350161145e-03 5.169350774756744510e-03
3.468221718968390530e-03 4.606839439258249291e-03 5.183288109661853688e-03
3.468323922010715325e-03 4.664131009934331315e-03 5.036054540548684684e-03
3.468550300425772732e-03 4.716203544418436956e-03 5.114962585401065971e-03
3.469266202620378305e-03 4.587102082893019725e-03 5.180043189347210281e-03
3.469477126660996252e-03 4.613397891974024140e-03 5.015870685291736082e-03
3.469889688401049145e-03 4.656690555872429471e-03 5.102482465798800770e-03
3.469981737483573362e-03 4.641285793899086430e-03 5.151511327063742519e-03
3.470059160776545019e-03 4.624795188687661103e-03 5.121665409555357582e-03
3.470190555179704459e-03 4.601284520000623046e-03 5.139119834760824852e-03
3.470444739657430402e-03 4.690898909541064629e-03 5.125751185494348619e-03
3.470727936296927850e-03 4.712955432167210447e-03 5.092176870849400745e-03
3.470784146979832580e-03 4.579826647728220401e-03 5.087299633457411513e-03
3.471151574284282899e-03 4.639837737062427539e-03 5.103668175121747405e-03
3.471924395263041412e-03 4.664802088405286574e-03 5.173410591321658987e-03
3.472137037349591875e-03 4.595423877308482327e-03 5.121217506523503653e-03
3.472227386921572945e-03 4.683214335466835514e-03 5.097201192866144051e-03
3.473501326470810821e-03 4.687908105825671322e-03 5.012005409926316782e-03
3.473665122896343188e-03 4.706404273050220424e-03 5.040737343044465225e-03
3.474464984229266255e-03 4.706812984734136569e-03 5.174971017727078917e-03
3.474643421002108525e-03 4.675149231654677183e-03 5.155894340546734317e-03
3.475046472116232257e-03 4.741859056406731894e-03 5.039599873902414484e-03
3.475717395371287054e-03 4.645012848254743802e-03 5.061719787575064307e-03
3.476012696551242578e-03 4.669489758731952891e-03 5.120829674734655654e-03
3.476042207582532694e-03 4.704628985352733196e-03 5.121279715358652805e-03
3.476099601879989280e-03 4.639751139435908250e-03 5.081692276432988112e-03
3.476945251532644054e-03 4.568411983214336856e-03 5.062703308503994047e-03
3.477785012737478771e-03 4.574642907478718330e-03 5.031359098729528898e-03
3.478095553536871779e-03 4.689027019605057287e-03 5.168614311294041086e-03
3.478579535578532785e-03 4.644121208847096921e-03 5.035351164437499617e-03
3.479680104691269728e-03 4.721258122307611833e-03 5.170142838635852570e-03
3.479689346930691426e-03 4.668709244801138615e-03 5.026436950563151207e-03
3.480124747293694178e-03 4.562388056176951666e-03 5.150216976129552184e-03
3.480177505038477715e-03 4.696529064153661184e-03 5.054775846222831458e-03
3.480288651900968321e-03 4.591204340567900041e-03 5.012303745426618939e-03
3.480394631322404012e-03 4.678524626657915540e-03 5.044145827734423417e-03
3.480476656008761778e-03 4.641199753212343557e-03 5.179721967644768978e-03
3.480515368855269676e-03 4.647283819580757744e-03 5.015885064076032983e-03
3.480701247840227181e-03 4.600404031161562692e-03 5.100562608739061220e-03
3.480906539330150609e-03 4.600869605481770243e-03 5.041345756207217532e-03
3.481168331748845171e-03 4.724879107895397015e-03 5.025735209757747554e-03
3.481233785640280073e-03 4.559806857171826155e-03 5.082667648783726309e-03
3.481297034293430025e-03 4.606603408714890838e-03 5.077554282206621535e-03
3.481936569143734457e-03 4.717508673583521890e-03 5.046512612524130768e-03
3.482535967008955693e-03 4.621469378468179984e-03 5.147667317371958443e-03
3.482771856551119486e-03 4.687622648221152766e-03 5.077995305010478758e-03
3.482952745004973174e-03 4.605175123393217933e-03 5.171509203206794622e-03
3.483159201035686790e-03 4.588337018227299502e-03 5.113715977674168633e-03
3.483313239024463884e-03 4.723581156244514856e-03 5.120576008623625199e-03
3.483332103371825431e-03 4.647364757712567351e-03 5.122178459529638100e-03
3.483348691686913735e-03 4.721592380506821514e-03 5.077171153848293594e-03
3.483529938584830048e-03 4.560154478334756643e-03 5.117790768160120247e-03
3.483878427808435527e-03 4.638466135328851367e-03 5.158933850296484359e-03
3.483904965822737666e-03 4.625315696412652007e-03 5.054368805940765569e-03
3.485750193033919277e-03 4.641602308147078915e-03 5.140635594468233489e-03
3.485973400007399449e-03 4.634630143560787216e-03 5.022516036080235460e-03
3.486428678440269425e-03 4.600529120268593598e-03 5.058196516059060982e-03
3.486639126407781956e-03 4.578781857356915147e-03 5.050959831892176503e-03
3.486897146691298952e-03 4.723932088480029858e-03 5.060100548512604796e-03
3.487272912397468803e-03 4.679411607132585166e-03 5.130228118253329569e-03
3.487521831867865327e-03 4.707379485019465813e-03 5.164667034300240989e-03
3.488342868099075442e-03 4.652243706020573952e-03 5.072262692964665809e-03
3.488793216890685549e-03 4.630498211333856050e-03 5.077252502306459428e-03
3.489541799025551536e-03 4.712012425511173837e-03 5.032072528129101496e-03
3.489675261503825780e-03 4.586599364752232989e-03 5.145595917883816900e-03
3.489752256629686297e-03 4.653895386029192893e-03 5.093571441538157461e-03
3.489805689358669444e-03 4.621487923485980906e-03 5.162324632582713027e-03
3.489812897815809667e-03 4.582056087322209509e-03 5.166737942985218796e-03
3.490033651561199983e-03 4.733975974482984399e-03 5.178406604362286760e-03
3.490104725950020966e-03 4.737209288454989967e-03 5.090285576833504522e-03
3.491191441997793660e-03 4.594262919534615117e-03 5.076231268240733938e-03
3.491199110039151354e-03 4.578303639156104492e-03 5.005660322877763906e-03
3.491721253980630511e-03 4.675434166931198045e-03 5.145235742788242979e-03
3.491985449736546149e-03 4.702967321836141676e-03 5.002098378489206083e-03
3.492228304328608320e-03 4.618696818908811681e-03 5.039210723539059092e-03
3.492322905565773371e-03 4.629167406886357077e-03 5.121499439597214376e-03
3.492673831646940508e-03 4.728777327720349102e-03 5.133953487587840890e-03
3.494153108535750108e-03 4.665271180569325465e-03 5.045779064352093335e-03
3.494259066156375944e-03 4.616948035275397245e-03 5.004676125176548383e-03
3.494348657216335592e-03 4.586415872747024759e-03 5.127015675107619505e-03
3.494741885621228256e-03 4.676880422549246040e-03 5.064506856516379392e-03
3.495481857291325972e-03 4.714278071450618557e-03 5.143548441555800994e-03
3.495918181987429235e-03 4.659700452846331740e-03 5.010615866952591695e-03
3.496067052876736247e-03 4.692695199054933326e-03 5.117582570904614242e-03
3.497069233972980098e-03 4.624045979916995876e-03 5.089044113747221744e-03
3.499155275592335298e-03 4.590380184454568614e-03 5.064097945049750304e-03
3.500130134955458001e-03 4.632546712143507765e-03 5.181019292718052303e-03
3.500388796610195887e-03 4.605564098672010158e-03 5.148929241065787997e-03
3.500998312108706458e-03 4.636342257282074011e-03 5.145750690387674263e-03
3.501083743539129024e-03 4.728846547556796003e-03 5.121444393458112615e-03
3.501179849891801997e-03 4.698610888162833843e-03 5.022184493750649591e-03
3.502402013106544441e-03 4.613871711297176832e-03 5.023730078144559089e-03
3.503158674298741549e-03 4.565632847770973238e-03 5.019816871915366158e-03
3.503573102317362759e-03 4.741406869340896238e-03 5.155816371550167934e-03
3.503959569443859320e-03 4.702716833934994858e-03 5.180740637306583893e-03
3.504480966549659241e-03 4.590511219247759948e-03 5.091906734755798081e-03
3.504537732447474477e-03 4.573253734984372189e-03 5.175741247396215688e-03
3.504610154630136837e-03 4.721381826142204315e-03 5.008112411539212758e-03
3.504740016374953155e-03 4.714478928185608479e-03 5.026222792051540135e-03
3.504835766422551274e-03 4.668594462580774769e-03 5.074831748451632402e-03
3.505040026841778431e-03 4.590850018709321037e-03 5.043915295879297135e-03
3.505596325347300462e-03 4.711724780422871760e-03 5.165097401058051790e-03
3.505624357004146017e-03 4.583245587417759080e-03 5.018050476788043536e-03
3.505879712787486526e-03 4.728616826715497864e-03 5.073182749806821532e-03
3.506221606661805330e-03 4.657680943694167061e-03 5.088248325834287579e-03
3.506290227324982203e-03 4.690022421617952644e-03 5.091497475517034986e-03
3.506310499385168096e-03 4.729820783579375028e-03 5.181061487813305201e-03
3.506499122861824174e-03 4.721134333289359747e-03 5.152035655874812915e-03
3.506508677061896326e-03 4.670755704808127184e-03 5.053150881171455423e-03
3.507154768864560734e-03 4.650781751133793718e-03 5.063436373775416152e-03
3.508244806266586253e-03 4.653067703820757198e-03 5.146149580449047370e-03
3.508297933763352295e-03 4.628079357803979374e-03 5.006345044226174525e-03
3.508689410276897257e-03 4.607099971603016708e-03 5.129215845271735755e-03
3.508694148293427153e-03 4.583611175612677634e-03 5.111482137206060407e-03
3.508944855596919220e-03 4.559837999415671493e-03 5.076425932804926044e-03
3.509085160408757353e-03 4.630026943622802919e-03 5.036711500806301083e-03
3.509248734050219882e-03 4.693251992092553788e-03 5.150736362403766228e-03
3.509717898720819424e-03 4.647764996233746948e-03 5.111698516616603252e-03
3.510089942293466436e-03 4.603367971963021922e-03 5.172173571447331690e-03
3.510370950510121636e-03 4.663456253941996622e-03 5.014082654135091147e-03
3.510941705952201706e-03 4.629254535033341597e-03 5.155989171254090481e-03
3.511130470759045788e-03 4.699757693319237678e-03 5.036591493466717993e-03
3.512252755458031197e-03 4.665962665874055608e-03 5.033851389019937568e-03
3.512461036028639849e-03 4.566573435727665740e-03 5.164494768658951102e-03
3.512471856527376018e-03 4.564508946839405598e-03 5.058704306088276058e-03
3.512961492330508168e-03 4.573969705136081247e-03 5.034257587097417004e-03
3.513031096573144673e-03 4.602887690274076564e-03 5.054710278576349074e-03
3.513118310688795841e-03 4.629740709034260368e-03 5.051606953421688105e-03
3.513390347832742993e-03 4.674680362224336097e-03 5.112758808558697660e-03
3.514096663464772678e-03 4.741189833315227406e-03 5.090809226752692103e-03
3.514599135851650871e-03 4.711163912381148913e-03 5.088859895584850468e-03
3.515556261909347051e-03 4.639171181804710269e-03 5.126045717032959997e-03
3.516347336815523351e-03 4.678899950856017440e-03 5.158726425497600458e-03
3.516391461428540130e-03 4.560742251010226067e-03 5.147628319264895350e-03
3.516764445720080984e-03 4.651246940788084962e-03 5.030200440596491879e-03
3.516808196504681624e-03 4.583270473567557964e-03 5.146124821445965253e-03
3.517494817832431467e-03 4.727963281386980514e-03 5.046097626747280199e-03
3.518011695217742891e-03 4.658648824086744633e-03 5.078964519044796774e-03
3.518667742787342546e-03 4.594577705280743392e-03 5.007907779178394359e-03
3.518722669981901290e-03 4.666403197596777873e-03 5.140344981817659108e-03
3.518775699950379369e-03 4.718576005542695143e-03 5.107140518160593889e-03
3.519503782657492849e-03 4.693627556231714029e-03 5.013144576822364806e-03
3.519829248385336964e-03 4.678628787379846866e-03 5.180256721129749067e-03
3.520463706633017009e-03 4.574322954520254961e-03 5.122506047686156867e-03
3.521607690591499733e-03 4.699156145169050731e-03 5.171913364197470997e-03
3.521722045085324063e-03 4.580389445823346804e-03 5.160404889937646525e-03
3.521828155434406950e-03 4.564423971387087699e-03 5.003961092354120357e-03
3.521929413172763396e-03 4.639793051547796109e-03 5.041698100762881385e-03
3.522038930870932325e-03 4.623441408338306580e-03 5.165552073621657719e-03
3.522264683506319896e-03 4.629432368604168187e-03 5.139179613208805578e-03
3.522636465304304198e-03 4.698783245732691786e-03 5.133887915991228353e-03
3.522827317393408073e-03 4.658318889640833058e-03 5.108905714423538948e-03
3.522995650435926159e-03 4.613376706209437912e-03 5.122099215410418419e-03
3.523440854113540389e-03 4.716312168495182498e-03 5.168697631937179543e-03
3.523567627078026242e-03 4.741931197548007910e-03 5.017449483447591202e-03
3.523783406951590431e-03 4.700716493696814081e-03 5.051270478131367897e-03
3.524530526479297335e-03 4.690203079926469516e-03 5.072812535117983239e-03
3.525020163451866861e-03 4.565358341753718470e-03 5.029314792265925614e-03
3.525386097113262888e-03 4.692815258959080228e-03 5.106320580042488129e-03
3.525835421015941461e-03 4.624924002807956000e-03 5.100899243098470925e-03
3.525839270537612941e-03 4.740972848807207228e-03 5.163187624548509769e-03
3.525970161889651656e-03 4.584712565316670548e-03 5.132546969009018842e-03
3.526345160385235215e-03 4.600295756356530263e-03 5.131098868797897075e-03
3.526363639970696469e-03 4.683674758899541817e-03 5.125388425901460619e-03
3.526547166191687684e-03 4.675840106645579204e-03 5.007534994610689932e-03
3.526728425749828862e-03 4.633132050156077951e-03 5.117553895806637582e-03
3.526872435042328457e-03 4.668856053276697164e-03 5.035835559220418894e-03
3.527088367870507331e-03 4.570455830568230689e-03 5.095132008474017975e-03
3.527504795376933903e-03 4.704429825863302647e-03 5.084262144106298925e-03
3.527827837720748112e-03 4.643853103538033919e-03 5.138863290559707829e-03
3.528316033250003536e-03 4.662194566394807504e-03 5.166413802096789937e-03
3.528334908875212228e-03 4.721443156443851444e-03 5.022629116929110300e-03
3.528599744015415568e-03 4.578797222444482007e-03 5.069071977237108589e-03
3.528876608268339578e-03 4.673768436308260374e-03 5.062450767006804013e-03
3.531497607961014626e-03 4.608776320306305976e-03 5.169480820919665313e-03
3.531553020915580675e-03 4.699916793928273981e-03 5.032709268900490210e-03
3.531677156951970077e-03 4.735131296471592130e-03 5.042178344672246931e-03
3.531776214365355254e-03 4.585226243992138531e-03 5.026622685448091203e-03
3.531781687084723214e-03 4.670797830078864121e-03 5.089424623259573670e-03
3.532384728712972301e-03 4.721481336980327785e-03 5.048755608293533856e-03
3.532432626593328285e-03 4.731428648050669747e-03 5.127699182914285600e-03
3.532540433356981622e-03 4.607900472834857049e-03 5.084707793061053402e-03
3.532706089903917251e-03 4.640438614647114657e-03 5.101773502882007288e-03
3.532866830252274007e-03 4.645761921372377687e-03 5.122897107383072440e-03
3.533091051346244887e-03 4.587289214667036354e-03 5.084221142022935826e-03
3.533971869060180057e-03 4.675419103292112813e-03 5.105399921194198228e-03
3.534390289788224334e-03 4.590513961084275590e-03 5.154215906495665175e-03
3.534411708947163017e-03 4.578995784856505942e-03 5.040061045388163907e-03
3.534448659989461450e-03 4.564178606054345930e-03 5.115517293107092398e-03
3.534497655024560359e-03 4.637579913456682870e-03 5.166531027368246806e-03
3.535533035319942709e-03 4.579247013527849679e-03 5.104897017604604140e-03
3.535684475235081198e-03 4.627468293571866502e-03 5.089447717494199018e-03
3.535803132278216715e-03 4.636691587805099810e-03 5.024950246861469884e-03
3.536891757602657164e-03 4.581907040761097269e-03 5.172758547106269533e-03
3.536896377839034676e-03 4.733109031983720461e-03 5.183098826181785010e-03
3.537080454499955205e-03 4.738258165961221728e-03 5.068189823782609689e-03
3.537652458950065956e-03 4.616220094540187183e-03 5.152183662762498811e-03
3.537692129601118732e-03 4.577645394360886806e-03 5.126150210745581901e-03
3.538439164467677752e-03 4.566265760504991354e-03 5.049686294861343953e-03
3.538888096588985958e-03 4.639165319754316556e-03 5.053767166115495299e-03
3.539396276303193641e-03 4.651010524879665466e-03 5.158202898646008054e-03
3.540252679760464306e-03 4.701554866373548573e-03 5.167808855071466187e-03
3.540365660699518711e-03 4.620511104631358154e-03 5.119905175361227391e-03
3.540944972899274026e-03 4.720201515523107100e-03 5.116897852783883031e-03
3.540955320374742938e-03 4.612582234883064007e-03 5.050694119142034449e-03
3.541018842219725328e-03 4.698121046631295594e-03 5.050204050455056777e-03
3.543315488664928407e-03 4.559334332587212067e-03 5.104112654063616694e-03
3.543345659303232496e-03 4.718309656424478533e-03 5.002532930917823369e-03
3.543443501816402087e-03 4.629322761950101055e-03 5.069180611007152379e-03
3.543652702445474183e-03 4.667661439682017389e-03 5.165993153878468795e-03
3.543834057971206007e-03 4.600958767950719987e-03 5.102738342290949816e-03
3.543993928517054966e-03 4.684869967763948331e-03 5.125107330303080300e-03
3.544611915365372939e-03 4.699653893681189631e-03 5.083131773023776348e-03
3.546545404485042588e-03 4.688919254752004807e-03 5.012715453004072674e-03
3.546702257059950684e-03 4.582798883555186387e-03 5.007540702186609634e-03
3.547383294359441643e-03 4.675143096024685259e-03 5.006457507789159427e-03
3.547582855771521868e-03 4.713217386949731386e-03 5.134207458505410729e-03
3.547612290154446377e-03 4.706781497352148340e-03 5.033557040102890762e-03
3.548290754214451261e-03 4.630806739526155055e-03 5.139495085728505892e-03
3.548639703693744901e-03 4.638004039141607748e-03 5.000589234327955206e-03
3.548899306152071033e-03 4.691733986272134289e-03 5.148181106843151451e-03
3.549383646242321080e-03 4.681963702976640364e-03 5.044883823589168224e-03
3.549471582577267900e-03 4.599248400509263132e-03 5.142067362458444500e-03
3.549810179645264841e-03 4.599697313466604917e-03 5.026015641196072796e-03
3.550139802755535121e-03 4.562075618427029709e-03 5.138097335101354107e-03
3.550694154385062966e-03 4.709397332296453957e-03 5.158565912711740760e-03
3.551218609045600928e-03 4.713273583544873475e-03 5.095311036760426238e-03
3.551518664079068681e-03 4.562348752875275068e-03 5.025972848513676934e-03
3.551570064498404868e-03 4.665332461930690212e-03 5.139653057568996548e-03
3.551736073198578491e-03 4.659461387677651424e-03 5.014730384498370871e-03
3.551761563397497559e-03 4.588810808740097918e-03 5.055904654706765318e-03
3.552332338127733771e-03 4.673915882010160061e-03 5.074065886899865180e-03
3.552712364164703571e-03 4.722504530836527277e-03 5.147587242143816626e-03
3.552763209686504286e-03 4.645419580057839892e-03 5.129245172550734276e-03
3.553766514955536849e-03 4.610380617900249056e-03 5.156265885860149278e-03
3.554273945065820894e-03 4.731808172071252754e-03 5.046242365009814303e-03
3.554559576325019062e-03 4.680577359469110729e-03 5.026670694371740238e-03
3.555002876827108565e-03 4.696212043471713164e-03 5.170858149738010584e-03
3.555298877708776457e-03 4.692688793596194383e-03 5.104917869160879168e-03
3.555445023784038934e-03 4.667133379828676716e-03 5.178010684873117671e-03
3.555663225039601243e-03 4.738753597546495853e-03 5.004765666575048191e-03
3.556060413699622079e-03 4.576641458040367136e-03 5.136215960212723100e-03
3.556095159086050325e-03 4.569510825969218953e-03 5.115203437606668374e-03
3.556645333292193529e-03 4.621312446596380352e-03 5.020799282771073319e-03
3.557690106411442663e-03 4.732561270397593785e-03 5.094383262983789330e-03
3.557984335613778668e-03 4.570715301680024212e-03 5.048309141377754945e-03
3.559272436142732216e-03 4.672415509733843751e-03 5.127670610126801483e-03
3.559889864639720607e-03 4.616481548933223933e-03 5.003817845596009693e-03
3.560046317757685919e-03 4.723473197131957194e-03 5.127500415313028873e-03
3.560822905281848996e-03 4.712413288449382801e-03 5.066297410671762209e-03
3.561370367929711338e-03 4.684708780593248995e-03 5.057304776237264883e-03
3.561712379936764206e-03 4.646566484089434748e-03 5.180850897376619926e-03
3.562007386128713919e-03 4.707617455350720549e-03 5.009346158546950332e-03
3.562033252213910820e-03 4.593044783389448917e-03 5.039673795866415028e-03
3.562107464729270812e-03 4.585378233617170944e-03 5.156649150492717375e-03
3.563579070835619367e-03 4.635821427789153099e-03 5.044358206110033209e-03
3.564130278236741795e-03 4.599772411587397213e-03 5.112047619494662805e-03
3.564480301663675889e-03 4.671376216475234960e-03 5.046838599956959652e-03
3.564800378991586291e-03 4.609144673660922099e-03 5.130876854329618694e-03
3.565624532576637182e-03 4.668135944912171417e-03 5.102260515854608117e-03
3.565643531693096085e-03 4.684810292836304874e-03 5.180195261945423971e-03
3.565965550808685922e-03 4.582576806479459267e-03 5.108309472787971213e-03
3.566001207434325426e-03 4.681706246470958982e-03 5.109745354902506427e-03
3.566528506317966085e-03 4.696486376634084747e-03 5.148042289411025769e-03
3.566734257441219174e-03 4.583430752410231658e-03 5.056680262077434436e-03
3.566819451158247199e-03 4.598657639373277331e-03 5.065311494497811047e-03
3.567036670998079573e-03 4.617605215277182686e-03 5.104000303065310724e-03
3.568251995531401388e-03 4.629703927960006349e-03 5.012705751307079162e-03
3.568334398733098451e-03 4.695442236852359966e-03 5.130477057108354978e-03
3.568696923839063517e-03 4.607060077200790527e-03 5.150652394063650989e-03
3.568755186547262724e-03 4.725102597837066432e-03 5.022314041390074472e-03
3.568786710020207566e-03 4.585972290115311774e-03 5.137122898820786071e-03
3.568858902807886015e-03 4.574574305312687113e-03 5.069479428107575431e-03
3.569000105793534647e-03 4.668534967036377416e-03 5.030945744041879532e-03
3.569252578942012574e-03 4.591825774604961670e-03 5.084872093551328839e-03
3.570272408335157990e-03 4.564917196617138302e-03 5.153836877698545968e-03
3.570439709957357131e-03 4.641543982808877394e-03 5.003617663026386532e-03
3.570607970311623098e-03 4.662439712500091905e-03 5.016411177016690502e-03
3.570887602348814943e-03 4.716814986729880692e-03 5.140326464550761323e-03
3.570975622437466256e-03 4.705941718599321484e-03 5.034130081920264350e-03
3.571465467052173642e-03 4.658942208642616323e-03 5.182025534209665045e-03
3.571817747715776148e-03 4.675053202155826995e-03 5.000806211777301426e-03
3.571823285044435550e-03 4.620743462457570574e-03 5.119350288726278939e-03
3.572044289811322423e-03 4.645118860360374254e-03 5.093407212523611872e-03
3.572408094546768859e-03 4.722747750169977582e-03 5.085556606067475477e-03
3.572618886116081614e-03 4.622176298165203007e-03 5.063367649911034753e-03
3.572769716308287370e-03 4.696303632521988541e-03 5.066706025807836584e-03
3.573059393663566979e-03 4.712929969727285701e-03 5.052671405179881732e-03
3.573343494649215777e-03 4.687390409820487921e-03 5.030595423679459256e-03
3.574332780078694292e-03 4.666927798966069921e-03 5.153495348448700573e-03
3.574421267234164420e-03 4.583681592108723203e-03 5.031116482323028279e-03
3.574685026656602028e-03 4.579864328593862520e-03 5.122232571369065776e-03
3.575853828822931658e-03 4.736983895888556215e-03 5.148843694681541627e-03
3.576117928671723473e-03 4.629424067368593382e-03 5.149352529440081455e-03
3.576184520862618708e-03 4.693679273613475707e-03 5.160022585928804827e-03
3.577288907823880388e-03 4.712020084299961033e-03 5.017936748681808140e-03
3.579128583564626306e-03 4.597646508097423881e-03 5.178282039666117810e-03
3.579184337656557240e-03 4.563960706562357819e-03 5.123473472183981067e-03
3.579235837936855808e-03 4.734801490879846607e-03 5.102247236877151433e-03
3.579406940407653046e-03 4.727340228381180301e-03 5.053799080849543518e-03
3.579648468737392161e-03 4.715077797813206802e-03 5.116764381312591085e-03
3.579990544220516650e-03 4.712889436060916162e-03 5.176860879887164139e-03
3.580568949265996222e-03 4.722904731666218922e-03 5.069996886141158940e-03
3.581648845562081934e-03 4.678370051587131540e-03 5.063033568161513266e-03
3.581983407900989850e-03 4.681842190990602101e-03 5.096725354795998003e-03
3.582815018831112062e-03 4.627573202158495082e-03 5.009465696481390194e-03
3.582839610826069835e-03 4.597606646475915944e-03 5.051964486540265475e-03
3.583011563429620763e-03 4.652045634955304099e-03 5.166821219089653798e-03
3.584133204662726200e-03 4.681924561869170616e-03 5.128240517957593538e-03
3.584339509249498661e-03 4.716032457732281108e-03 5.094209586493072574e-03
3.584936722847141891e-03 4.619979025873429887e-03 5.129399989646532890e-03
3.585328664711919661e-03 4.725442454589215933e-03 5.135758095827113422e-03
3.586356747350680219e-03 4.652378552608475888e-03 5.063054625485815044e-03
3.586692604995814129e-03 4.585588422432640768e-03 5.163573729355062751e-03
3.586741609318951259e-03 4.599049878298096597e-03 5.090127019097180280e-03
3.586752452279822877e-03 4.588823901072164486e-03 5.103385351709292111e-03
3.587039702571748374e-03 4.665875559907537752e-03 5.051740281673687723e-03
3.587372696769313384e-03 4.678982750319402029e-03 5.038205262944943190e-03
3.588040423904474262e-03 4.669275686768313734e-03 5.143409996492749256e-03
3.588145852848628140e-03 4.603655868743104264e-03 5.105996167740199133e-03
3.588163577337997838e-03 4.645553004692900764e-03 5.076447832718625382e-03
3.588183519642418936e-03 4.695894138476293736e-03 5.139265189560635050e-03
3.588656702160016726e-03 4.579896988566369356e-03 5.116546372279691043e-03
3.588978113743941396e-03 4.650948663887819086e-03 5.098322315856664358e-03
3.589012021536870309e-03 4.687786857320230642e-03 5.175075065861802458e-03
3.589228953224576826e-03 4.646140978493479810e-03 5.181427699645328386e-03
3.589678831682147856e-03 4.605705804956203124e-03 5.128465062233452353e-03
3.590192665763802023e-03 4.731796984353031296e-03 5.031877017319222149e-03
3.590295461916812817e-03 4.631493767559472126e-03 5.089419781562123588e-03
3.590317501174234913e-03 4.577655148853571748e-03 5.011727271447981823e-03
3.590504030923791310e-03 4.616138672997100421e-03 5.075013617226312342e-03
3.590656632863525270e-03 4.639363788785602453e-03 5.055425624348203889e-03
3.590827471795268646e-03 4.685504325617787999e-03 5.019023961831611813e-03
3.592457361309414534e-03 4.641217975819792591e-03 5.143870832956992482e-03
3.592612585778053903e-03 4.592443576669283378e-03 5.138674076226402987e-03
3.592677850912297938e-03 4.616192168206675883e-03 5.154065213986994132e-03
3.593398348315033318e-03 4.691938555371877491e-03 5.155183679672341659e-03
3.593993687400575017e-03 4.659388836679797044e-03 5.156422015904498120e-03
3.594010253420372274e-03 4.669424557382131045e-03 5.119934596400555274e-03
3.594320045476025963e-03 4.654018339658978244e-03 5.023774208343219361e-03
3.594325209724811079e-03 4.732115284585182088e-03 5.167576345169030624e-03
3.594568436428759260e-03 4.561156893634826098e-03 5.109303787579795586e-03
3.594582435500259365e-03 4.583387731060559710e-03 5.058739968409932571e-03
3.594685633143130613e-03 4.633470701340957308e-03 5.165638644460041062e-03
3.595688859834789836e-03 4.669119776135452135e-03 5.078001415507891504e-03
3.596023932232444726e-03 4.695766070200920253e-03 5.108492515478868859e-03
3.596060712623903345e-03 4.669484530759361596e-03 5.173535069661495261e-03
3.596150221702726271e-03 4.698397982774727040e-03 5.034283186220219440e-03
3.596869935294930414e-03 4.603777914972265357e-03 5.175421267767522059e-03
3.597058568787630910e-03 4.570014938755362355e-03 5.068572625782836495e-03
3.597441979084466980e-03 4.648692505475200167e-03 5.117783106817864330e-03
3.597591029535409518e-03 4.600684145016770143e-03 5.025277678217712762e-03
3.597776150090391083e-03 4.560836791544102369e-03 5.169385908431241988e-03
3.597988846069779655e-03 4.727724558939347052e-03 5.106947628545827934e-03
3.598182735437420281e-03 4.633036255659864905e-03 5.182098637207952635e-03
3.598245715698836049e-03 4.564462480316748214e-03 5.127967099538024293e-03
3.598653232755993133e-03 4.656866257910048310e-03 5.003445469193013029e-03
3.599034548394573763e-03 4.623800310479116334e-03 5.120747503948296434e-03
3.599988727361794639e-03 4.726208003369734151e-03 5.048354996106454821e-03
3.600530642518353849e-03 4.572670262550414602e-03 5.157738978127965161e-03
3.600533873877417856e-03 4.645507277989367745e-03 5.156624007207140543e-03
3.601999466759989426e-03 4.732742807342673469e-03 5.071254874121039306e-03
3.602015944447556697e-03 4.633279833383420997e-03 5.134808895489334848e-03
3.602133633157471315e-03 4.717655847717532741e-03 5.181235925202461699e-03
3.602398589177983022e-03 4.661557770572466279e-03 5.138393649609794556e-03
3.602502795830726454e-03 4.734540855106407313e-03 5.139574988361743195e-03
3.602634877258794211e-03 4.684788598987667252e-03 5.126363392124165703e-03
3.602864080538129878e-03 4.631774813712054295e-03 5.061042267954190058e-03
3.604762633587286873e-03 4.615314233776276684e-03 5.066583567167169504e-03
3.604992444842849628e-03 4.593485161994159856e-03 5.160387660527694827e-03
3.605029461450403542e-03 4.709567892295289313e-03 5.071456979869867765e-03
3.605065864596153965e-03 4.668813116704611209e-03 5.101961207468364880e-03
3.605437222250165285e-03 4.697330544433764125e-03 5.054677287391520779e-03
3.605812953176991669e-03 4.714518053078154726e-03 5.092291658665213175e-03
3.606007240988560320e-03 4.572064429236473437e-03 5.086547307098292399e-03
3.606047077240435213e-03 4.683947495229508380e-03 5.164607697550966520e-03
3.606051218716621511e-03 4.663828736678901112e-03 5.046855011269075347e-03
3.606149047752226118e-03 4.681085556285034290e-03 5.111715386667028439e-03
3.607011991276547203e-03 4.599008080790729057e-03 5.052524274380399555e-03
3.607974594352821203e-03 4.627531293598439663e-03 5.032643437193733311e-03
3.608078307872438287e-03 4.578162609893869119e-03 5.033554447278220517e-03
3.608620865192760634e-03 4.739717521501652688e-03 5.011330657355452661e-03
3.608672684580653718e-03 4.565370578625536392e-03 5.112901505362105886e-03
3.608728328168746800e-03 4.617750222263540365e-03 5.048576773035931206e-03
3.609065220179718918e-03 4.714111794206781066e-03 5.138205851628289446e-03
3.609085908121711234e-03 4.692123614843470708e-03 5.090796496149125119e-03
3.609395661025355164e-03 4.683625792724235501e-03 5.181488650155340742e-03
3.609588271321708536e-03 4.719493898230879385e-03 5.032899339864651579e-03
3.609953200066477654e-03 4.684713890791913395e-03 5.035701498557457537e-03
3.610021123480776535e-03 4.597301947718472094e-03 5.183521990213111989e-03
3.610546451295421240e-03 4.703537895071237436e-03 5.169087470495182038e-03
3.611707396565885624e-03 4.616934243321845800e-03 5.182359661457990041e-03
3.611902521171803365e-03 4.636107372836934491e-03 5.089372933097397085e-03
3.612129594232692947e-03 4.608911480438091478e-03 5.098537695763156498e-03
3.612446759612888709e-03 4.648184132663150947e-03 5.057918748888491807e-03
3.612876875208005569e-03 4.661802439883423570e-03 5.070368111081819534e-03
3.612921617387137782e-03 4.609460754798403587e-03 5.168323251583683414e-03
3.613109983846396478e-03 4.739747490497622437e-03 5.055046939774879983e-03
3.613203650572462382e-03 4.699781553213862838e-03 5.144850940070961470e-03
3.613577501697570402e-03 4.635522682978920374e-03 5.072726547517133686e-03
3.614871654068460820e-03 4.635623346200227514e-03 5.152403792428687616e-03
3.614879175744616438e-03 4.584766627557625325e-03 5.015806597821741153e-03
3.614913924488107576e-03 4.644029151104489203e-03 5.122641540546642863e-03
3.615501402109713713e-03 4.724165670436130879e-03 5.063738243887845603e-03
3.615801665315379262e-03 4.628258635594332052e-03 5.015116864523487539e-03
3.616322984941696284e-03 4.654056974180625222e-03 5.181116920033266952e-03
3.617038687464232179e-03 4.659150967178357292e-03 5.164731346563244778e-03
3.617326081599881935e-03 4.674976746178781915e-03 5.057590866293240096e-03
3.617372711510221609e-03 4.607689509559751047e-03 5.028938527446233549e-03
3.618143305768006714e-03 4.674159221115116447e-03 5.150915844550622846e-03
3.618825833323825302e-03 4.650382167392099961e-03 5.143412252842927135e-03
3.619011020975371282e-03 4.621123445702208198e-03 5.152008310126405047e-03
3.619014870663913620e-03 4.622267393593977071e-03 5.105842537607787474e-03
3.619526361929416205e-03 4.583008611887966904e-03 5.044564935105569012e-03
3.619556970307464486e-03 4.651351039966531570e-03 5.097267681681266066e-03
3.620239147602868218e-03 4.695343755997492298e-03 5.104158294998585588e-03
3.620709221288433925e-03 4.676750609809558236e-03 5.130467258988562901e-03
3.621415419025213623e-03 4.670788085859088438e-03 5.111553480962416178e-03
3.621425587846241467e-03 4.559447084207601288e-03 5.146555240791373526e-03
3.622137996771837478e-03 4.590968321401797496e-03 5.141713890727758057e-03
3.623070743212496257e-03 4.577010913417133876e-03 5.071014573994393239e-03
3.623688648154766313e-03 4.674243072619793660e-03 5.031653020210557700e-03
3.623894911391537226e-03 4.701417337068594660e-03 5.180250620206995095e-03
3.624661584805046344e-03 4.571216714053907490e-03 5.016245634552773947e-03
3.624690393510354366e-03 4.694896490322615461e-03 5.087568343932577508e-03
3.625235638030795387e-03 4.710995603196148351e-03 5.066207848402690637e-03
3.625330707311792862e-03 4.715005401869643009e-03 5.008245700563317138e-03
3.626573801348228349e-03 4.739615306466438138e-03 5.074611180121212789e-03
3.626619320776580842e-03 4.688506775936952115e-03 5.005359957083507089e-03
3.627172218018806689e-03 4.663896447586099968e-03 5.143550834713652570e-03
3.627444134564805980e-03 4.632810724300168680e-03 5.136662510729470173e-03
3.627566313358543577e-03 4.722999460606140329e-03 5.075145314077404365e-03
3.627592823603564484e-03 4.608643758207579127e-03 5.111981063616917974e-03
3.627621153132468655e-03 4.631351366265103880e-03 5.083085491858177658e-03
3.627830668737399081e-03 4.713139960705508939e-03 5.108840390348538124e-03
3.627875208867349221e-03 4.566840447378417260e-03 5.111649959038754021e-03
3.628527368778600853e-03 4.650646924677519049e-03 5.017363650359156664e-03
3.628823881754929693e-03 4.594674927807831412e-03 5.074395216745854545e-03
3.629053351393562825e-03 4.648496527134780495e-03 5.079774419146730786e-03
3.629120231662372881e-03 4.740196579710419765e-03 5.139867429687645928e-03
3.629975979692208563e-03 4.672284446238836320e-03 5.160678373787744820e-03
3.630196105420532143e-03 4.668562509504408514e-03 5.086277916081635188e-03
3.630630827591226593e-03 4.653082886099168224e-03 5.062115960638618843e-03
3.630788353055873843e-03 4.574604241217351125e-03 5.174773901468060489e-03
3.630913992002168713e-03 4.648826751644534808e-03 5.156813212050649284e-03
3.631437559280719773e-03 4.703017405854519571e-03 5.025534218980670306e-03
3.631499304732736712e-03 4.569324179246802772e-03 5.137018615212886850e-03
3.631909820756215167e-03 4.738354598507507620e-03 5.018612604842447381e-03
3.632476441569768531e-03 4.676721872106862424e-03 5.014332672304369111e-03
3.633349259484604937e-03 4.689987549423204477e-03 5.157153692711242791e-03
3.633735091235619670e-03 4.697570005956730639e-03 5.043199936264457402e-03
3.633959622513117417e-03 4.615827865232631499e-03 5.097009956439072474e-03
3.634475000280038004e-03 4.677511076620391971e-03 5.107775741745477702e-03
3.634559544174062896e-03 4.597406219316316038e-03 5.096764224071109912e-03
3.634808028325522272e-03 4.675992950480689289e-03 5.073285182823168357e-03
3.635097833368587140e-03 4.566616918248993240e-03 5.060161558798069968e-03
3.635169143681480069e-03 4.596003079730090132e-03 5.115223642671530915e-03
3.635195839362597141e-03 4.576358549995463224e-03 5.080055451455742568e-03
3.635751538228598409e-03 4.729451901571024401e-03 5.097686581441628062e-03
3.636252199102337455e-03 4.637361442064731609e-03 5.041808237951561286e-03
3.636337897203286828e-03 4.719178813584437755e-03 5.152212760394440753e-03
3.636588370191436159e-03 4.633600753072843539e-03 5.154508663861676054e-03
3.636671932022282876e-03 4.692926131918073729e-03 5.172078724042767674e-03
3.637256735417696528e-03 4.585988701352952321e-03 5.144773827091813495e-03
3.638832494829047359e-03 4.711092731029861702e-03 5.130229996947410949e-03
3.638873766288798842e-03 4.655705714433290739e-03 5.126449543734721247e-03
3.639308610557941831e-03 4.620587544189621101e-03 5.115184491710137067e-03
