3.440314777237412757e-03 4.632902517630935885e-03 5.148214358828090420e-03
3.441406796063029884e-03 4.644123443266489487e-03 5.059367967802930188e-03
3.441903155813089490e-03 4.662715449323500717e-03 5.147190021905599135e-03
3.444006762973493303e-03 4.625622749494247288e-03 5.123160790224907946e-03
3.446426060764202094e-03 4.660850082109938008e-03 5.080179126780960501e-03
3.446962191529397406e-03 4.710831160618054840e-03 5.082828709425725802e-03
3.447289602818285389e-03 4.711885486302139041e-03 5.151182900983795193e-03
3.451554289443141237e-03 4.645301620356275148e-03 5.100693009016168782e-03
3.451701461909378529e-03 4.688611891949974464e-03 5.111398794151393588e-03
3.453713322182862169e-03 4.628695757155867896e-03 5.102469032072657132e-03
3.453795623820521670e-03 4.671399883641554583e-03 5.068894242321414674e-03
3.453904797225551462e-03 4.726821232419006757e-03 5.154306342664075925e-03
3.455557274615569160e-03 4.720172988848420591e-03 5.124033324435053535e-03
3.455609146081387983e-03 4.671170077188499178e-03 5.154361921060082903e-03
3.456522610729144841e-03 4.657382360452176628e-03 5.128086591892510281e-03
3.457317154094061845e-03 4.633844069827761439e-03 5.142793194142660819e-03
3.459593854935951850e-03 4.653595872391266819e-03 5.090708192836124885e-03
3.460659197482091488e-03 4.704115216889106534e-03 5.104939025384419571e-03
3.460875504967928992e-03 4.695393475914214250e-03 5.088571220955620186e-03
3.462103540582382039e-03 4.672189179553479059e-03 5.105381526041281696e-03
3.463010840182259142e-03 4.657280987049958881e-03 5.071605206450524941e-03
3.463064080307246169e-03 4.704117370274807190e-03 5.054765163241808218e-03
3.463171039447204749e-03 4.636376955621340085e-03 5.111510622613955716e-03
3.463275755680074973e-03 4.720459073670179966e-03 5.064204693502799559e-03
3.464448885570927533e-03 4.727053829818429406e-03 5.080053702440016049e-03
3.466466414619081334e-03 4.680880745936562629e-03 5.089069782340687777e-03
3.466572413150750820e-03 4.694819523483000252e-03 5.125938113520723226e-03
3.469416890802962984e-03 4.718173365819142324e-03 5.159846637273379950e-03
3.469548445222503646e-03 4.722669784195995119e-03 5.112622366876031117e-03
3.470136911725658045e-03 4.702669800314501769e-03 5.148031717000066051e-03
3.471126082431255991e-03 4.637115244770628926e-03 5.052806277903163987e-03
3.471590994173844470e-03 4.625333170151652885e-03 5.125516696834781817e-03
3.472299576510345844e-03 4.726592627047110362e-03 5.142490656410618130e-03
3.475940074085867495e-03 4.682642538184875018e-03 5.107346557827270941e-03
3.476977970455879304e-03 4.644721553250291159e-03 5.083715400791025303e-03
3.477135535685309167e-03 4.656468602345080476e-03 5.134421878135521020e-03
3.478537105449679232e-03 4.632276616038902457e-03 5.152838433057271329e-03
3.479656389794347649e-03 4.696103155600001716e-03 5.090131519650164388e-03
3.481604423454597898e-03 4.664046622405155010e-03 5.120389279453499767e-03
3.482659740450825582e-03 4.712300530505129405e-03 5.127191094126535252e-03
3.483299039515556222e-03 4.714200759262976263e-03 5.081565202675933021e-03
3.484823485925700893e-03 4.675498844735137896e-03 5.151173514524388583e-03
3.484829915448415475e-03 4.702424433728169886e-03 5.057230750366532163e-03
3.485202747051858486e-03 4.700948154515920824e-03 5.158711696162688112e-03
3.486412522939947353e-03 4.695029219703065505e-03 5.116857865857798483e-03
3.486455395911307060e-03 4.637341745366212881e-03 5.061936910395651613e-03
3.487076984384208239e-03 4.637157623135636231e-03 5.137873396271018869e-03
3.488865789819313099e-03 4.728951702632589599e-03 5.120333562426389665e-03
3.489095428664472191e-03 4.623861480518807847e-03 5.054875343366655761e-03
3.489494808860349462e-03 4.659535491634558824e-03 5.082527826098381420e-03
3.489711116009923397e-03 4.626075099259471628e-03 5.089106524962130548e-03
3.493864961741693399e-03 4.674964853276528630e-03 5.064722699655480921e-03
3.493980792120389943e-03 4.721677303134687136e-03 5.137592440572181889e-03
3.494178373408850409e-03 4.726174111068179480e-03 5.105674417083783459e-03
3.494710142838542474e-03 4.648145153042721085e-03 5.053122986251317762e-03
3.495810169759763775e-03 4.658931472776925951e-03 5.104544523008422950e-03
3.496793690451924144e-03 4.673804654988015367e-03 5.134938206455252549e-03
3.496856725161491194e-03 4.627398153170035264e-03 5.147165591263208953e-03
3.497378126500148669e-03 4.623876625208191496e-03 5.104561625998331811e-03
3.498963132338574894e-03 4.647484934841337491e-03 5.092766130698632779e-03
3.501218171252019028e-03 4.719273012067093376e-03 5.093375460019856221e-03
3.501647032117299364e-03 4.677476192905180401e-03 5.092159883599165805e-03
3.501925338801727908e-03 4.698300031674710470e-03 5.068317431038376134e-03
3.505478257324245919e-03 4.641222393838980928e-03 5.064047459490460777e-03
3.506115945772499132e-03 4.655658766572534635e-03 5.129626175528177907e-03
3.506617184319717542e-03 4.684348887133221555e-03 5.114504576154196153e-03
3.506752150999854680e-03 4.702580485581179040e-03 5.144938505907001129e-03
3.508709353816299222e-03 4.705174252659836964e-03 5.109425500377762566e-03
3.508789414400659192e-03 4.728851318092816905e-03 5.140168217072707546e-03
3.509248898246953349e-03 4.625961728672937576e-03 5.133380051063172675e-03
3.510660729057214855e-03 4.722410440517365443e-03 5.057942465067676377e-03
3.510857635359990788e-03 4.673259133499095379e-03 5.149297345478976752e-03
3.511747687756206979e-03 4.692006659213676135e-03 5.132176957902340360e-03
3.511757253183229056e-03 4.631523008433797300e-03 5.119078819152045670e-03
3.517984824309271924e-03 4.706297383457488763e-03 5.154507727259604113e-03
3.519648806208798726e-03 4.660587164725100637e-03 5.087101467514355477e-03
3.520516740306317127e-03 4.647409515031481787e-03 5.116729384022205944e-03
3.520611219858035736e-03 4.678275663199507432e-03 5.108081156505802668e-03
3.520660074736618479e-03 4.686409806841463320e-03 5.154595510480093623e-03
3.521053089438492319e-03 4.699898947433518888e-03 5.080291949785355199e-03
3.523142462166975204e-03 4.695016758097219321e-03 5.104561594386190955e-03
3.525340325007412980e-03 4.656602534175170380e-03 5.145997780626866344e-03
3.529563862739788348e-03 4.660787527313791159e-03 5.072814965375471545e-03
3.530122213523197508e-03 4.669724856395059132e-03 5.120654665762966115e-03
3.531302866302122104e-03 4.718853224216248282e-03 5.114862068932564919e-03
3.532040025283986022e-03 4.645702092361936493e-03 5.083961101708944774e-03
3.534028095672286322e-03 4.690651321576496877e-03 5.063439207777222818e-03
3.535320352016290031e-03 4.650974197936215589e-03 5.129846120147159121e-03
3.537113542205382738e-03 4.707984495491977436e-03 5.136302584231739951e-03
3.537929800815697162e-03 4.720355568310656211e-03 5.151113729186839948e-03
3.538628551269102675e-03 4.674291040703239079e-03 5.087523789325990031e-03
3.538898265237404046e-03 4.705011388775711539e-03 5.058207449815423085e-03
3.539456221353544721e-03 4.691814158919866730e-03 5.156657025746322863e-03
3.540489096914100405e-03 4.657013034957084748e-03 5.093417721280878163e-03
3.540580266642985238e-03 4.726472259500802582e-03 5.065629143114784225e-03
3.541262422893861738e-03 4.699842555814211578e-03 5.081936915538154409e-03
3.544993109696691156e-03 4.703141285943711510e-03 5.115672114428094532e-03
3.545355154465781346e-03 4.680247364294689259e-03 5.139853856447638286e-03
3.546554693293111661e-03 4.697487317469171801e-03 5.142220665936714924e-03
